65-087,65,155,1645
65-086,60,1461930
65-089,65,155,1136
65-088,64,154,921
21-718,94,235,3714
21-719,93,231,3715
21-712,93,222,3559
21-713,92,216,3587
21-710,93,224,3533
56-039,68,200,2198
21-716,93,231,3668
21-717,93,229,3672
56-037,68,200,2196
21-714,92,216,3662
56-038,68,200,2197
21-715,93,222,3666
65-094,94,264,2122
56-035,68,200,2194
56-036,68,200,2195
65-096,94,264,2161
56-033,68,200,2192
65-095,94,264,2097
56-034,68,200,2193
56-031,68,200,2083
65-090,65,155,2346
56-032,68,200,2238
65-092,94,236,2055
65-091,58,179,1980
65-079,58,179,1704
65-076,57,141,1549
21-491_MN,62,168,3738
65-075,94,235,1533
65-078,94,236,1703
65-077,65,155,1684
61-185_MN,62,259,3769
32-094_CT,63,167,4271
21-729,93,224,3825
21-723,93,222,3751
21-721,93,231,3820
56-026,68,212,2293
56-027,68,200,2683
56-024,68,200,2681
65-083,60,1461866
65-082,94,235,1863
WD13-004,91,240,1913
56-025,68,200,2682
65-085,58,179,1929
56-022,68,200,2679
WD13-003,91,237,3429
56-023,68,200,2680
65-084,60,1461867
WD13-001,91,237,2520
56-020,68,200,2677
56-021,68,200,2678
21-720,93,224,3717
65-081,94,236,1862
65-080,65,155,1843
21-734,93,222,3836
21-735,93,224,3847
56-019,68,200,2179
21-733,93,224,3833
56-017,68,212,2107
21-738,93,222,3907
56-018,68,200,2675
21-739,93,231,3908
21-736,93,224,3848
56-016,68,200,2707
21-737,93,224,3849
56-013,68,200,2705
56-014,68,200,2706
21-730,93,224,3826
65-098,65,155,2216
65-097,65,155,2890
65-099,94,236,2203
21-745,93,224,4000
21-746,93,224,4001
21-743,93,224,3998
21-744,93,224,3999
21-749,93,224,4004
21-747,93,224,4002
21-748,93,224,4003
21-741,38,114,4036
WD04-001,91,237,1978
21-742,93,222,4083
21-094_EN,60,146,3422
21-740,93,222,3932
56-080,68,200,2618
56-081,68,200,2619
21-756,93,222,4075
21-754,93,222,4073
21-755,93,222,4074
56-079,68,200,2617
56-077,68,200,2615
56-078,68,200,2616
56-075,68,200,2613
56-076,68,213,2614
21-753,93,222,4072
56-073,68,200,2610
21-750,93,222,4023
56-074,68,200,2612
21-751,93,222,4084
56-071,68,212,2426
56-072,68,200,2608
21-767,93,222,4198
21-768,93,222,4199
21-765,93,222,4166
21-766,93,224,4182
56-068,68,212,2381
56-069,68,212,2378
56-066,68,200,2483
56-064,68,200,2481
21-764,93,222,4165
56-063,68,200,2480
21-762,93,222,4167
21-778,93,222,4345
21-779,93,233,4346
21-776,93,222,4318
21-777,93,224,4326
56-053,68,200,2370
56-043_MN,62,168,3388
21-775,93,222,4258
56-052,68,212,3252
21-782,93,224,4457
21-780,93,224,4347
56-042,68,212,2287
21-785,93,2224506
56-043,68,212,2294
21-786,93,2224526
56-040,68,212,2157
21-783,93,2244498
56-041,68,212,2286
21-784,93,2224503
65-003,94,236,1176
65-002,65,155,753
65-005,94,236,3451
65-004,94,236,1177
65-001,65,155,700
65-007,94,236,1202
65-008,60,1461192
62-260,51,1334514
29-001,93,232,894
29-004,93,232,897
29-005,93,232,898
29-002,93,232,895
29-003,93,232,896
29-008,93,232,901
29-009,93,232,902
29-006,93,232,899
29-007,93,232,900
62-259,51,1334513
29-011,93,232,935
29-012,93,232,934
65-024,58,179,1149
65-027,94,235,1532
29-010,93,232,903
29-015,93,232,1074
29-016,93,232,1075
29-013,93,232,932
65-023,58,179,2258
29-014,93,232,1073
65-028,32,219,1210
29-019,93,232,951
62-246,51,133,4344
62-245,51,133,4355
29-017,93,232,1076
65-030,94,264,3460
62-244,51,133,4363
29-018,93,232,1077
62-243,51,133,4357
29-022,93,232,2060
65-014,60,146923
29-023,93,232,2139
29-020,93,232,2039
65-015,32,219,786
29-021,93,232,2040
29-026,93,232,2223
29-027,93,232,1111
65-012,58,179,733
29-024,93,232,2140
62-240,51,133,4333
29-025,93,232,2141
54-057_EN,60,1464396
65-018,58,179,937
65-017,32,219,836
21-782_EN,60,146,4462
21-454_MN,62,168,3725
21-491_CT,63,167,3737
62-235,51,133,4314
61-185_CT,63,258,3768
62-234,51,133,4311
29-028,93,232,1072
62-233,51,133,4339
29-029,93,232,1063
62-232,51,133,4280
62-238,58,179,4328
62-237,58,179,4327
65-047,65,155,1256
65-046,58,179,1273
65-049,65,155,1258
65-048,65,155,1257
65-042,58,179,3837
62-230,51,133,4246
65-045,94,236,1234
65-044,94,236,1233
62-229,51,133,4245
65-050,65,155,1259
62-223,94,235,4227
65-052,65,155,1261
62-222,51,133,4226
65-051,65,155,1260
62-221,94,235,4225
62-228,51,133,4244
62-227,51,133,4253
62-226,51,133,4238
62-225,94,235,4252
65-036,58,179,3546
65-035,58,179,3539
65-038,60,1461187
65-037,58,179,1125
62-220,94,235,4224
65-034,58,179,3522
65-033,58,179,3468
56-043_CT,63,167,3389
65-039,58,179,3780
62-219,51,133,4223
62-218,49,131,2584
62-213,51,133,4061
62-212,51,133,3993
65-041,68,266,3831
62-211,51,133,3982
65-040,94,264,3819
62-210,51,133,3976
62-217,51,133,4173
62-216,51,133,4080
62-215,51,133,4079
62-214,51,133,4069
65-069,65,155,1343
65-068,65,155,1342
65-065,65,155,1278
65-064,65,155,1277
65-067,94,236,1308
65-066,65,155,1279
03-011_VT,100,255,2717
62-209,51,133,3975
62-208,51,133,3962
62-207,51,133,3961
65-072,65,155,1492
62-202,51,133,3784
65-071,94,236,1534
62-201,51,133,3783
62-200,51,133,3655
65-074,60,1461535
65-073,65,155,1520
62-206,51,133,3921
62-205,51,133,3892
65-070,65,155,1419
62-204,51,133,3811
62-203,51,133,3794
65-058,65,155,1267
65-057,65,155,1266
65-059,94,236,1268
65-054,65,155,1263
65-053,65,155,1262
65-056,65,155,1265
65-055,65,155,1264
21-082_CT,63,167,2457
25-155_EN,60,146,3362
65-061,65,155,1270
65-060,94,236,1269
65-063,65,155,1276
65-062,65,155,1275
29-077,93,232,1373
29-078,93,232,1374
29-075,93,232,1313
29-076,93,232,1371
21-454_CT,63,167,3724
29-079,93,232,1378
29-070,93,232,1298
29-073,93,232,1302
29-074,93,232,2661
29-071,93,232,1299
29-072,93,232,1300
24-009_CT,63,167,2449
29-088,93,232,1405
29-089,93,232,1406
29-086,93,232,1403
29-087,93,232,1404
29-080,93,232,1379
29-081,93,232,1377
29-084,93,232,1391
29-085,93,232,1402
29-082,93,232,1387
29-083,93,232,1390
65-147_EN,60,1464406
29-099,93,232,1460
52-007,34,92,2374
29-097,93,232,1457
29-098,93,232,1458
29-091,93,232,1438
29-092,93,232,1439
29-090,93,232,1407
29-095,93,232,1451
29-096,93,232,1456
29-093,93,232,1448
29-094,93,232,1450
32-258_EN,60,1464500
62-199,51,133,3641
29-033,93,232,1067
62-194,51,133,3477
29-034,93,232,1068
62-193,51,133,3467
29-031,93,232,1065
62-192,51,133,3456
29-032,93,232,1066
62-191,51,133,3455
29-037,93,232,1039
62-198,51,133,3640
29-038,93,232,1048
62-197,51,133,3558
13-002,13,52,156
29-035,93,232,1069
62-196,51,133,3538
52-066,60,146,3918
13-001,13,52,155
29-036,93,232,1070
52-067,60,146,3236
62-195,58,179,3496
13-004,13,52,158
13-003,13,52,157
13-006,13,52,160
13-005,13,52,159
13-008,34,93,310
62-190,51,133,3407
13-007,13,52,161
29-030,93,232,1064
13-009,13,52,162
65-123_CT,63,167,3023
29-039,93,232,1060
62-189,51,133,3396
52-074,99,253,653
62-188,51,133,3376
52-071,99,253,650
52-072,99,253,651
29-044,93,232,1108
62-183,51,133,3111
29-045,93,232,1120
62-182,51,133,3110
29-042,93,232,1106
62-181,51,133,2996
29-043,93,232,1107
62-180,51,133,2995
13-011,13,52,164
29-048,93,232,1129
62-187,51,133,3255
13-010,13,52,163
29-049,93,232,2517
62-186,51,133,3218
52-077,60,146,656
13-013,13,52,716
29-046,93,232,1121
13-012,13,52,165
52-078,60,146,657
29-047,93,232,1132
62-184,51,133,3122
29-040,93,232,1061
29-041,93,232,1110
62-179,51,133,2983
62-178,51,133,2982
52-085,68,211,1727
62-177,51,133,2981
52-080,60,146,659
52-081,32,81,2755
29-055,93,232,1222
62-172,51,133,2895
29-056,93,232,1223
62-171,51,133,2874
29-053,93,232,1221
62-170,51,133,2801
52-048,68,200,4235
29-054,93,232,1236
29-059,93,232,1226
62-176,51,133,2941
52-047,68,200,2806
62-175,51,133,2911
29-057,93,232,1224
62-174,51,133,2940
29-058,93,232,1225
62-173,51,133,2907
29-051,93,232,1198
29-052,93,232,1212
29-050,93,232,1197
62-169,51,133,2800
62-168,51,133,2796
62-167,51,133,2795
29-066,93,232,1290
62-161,51,133,2712
29-067,93,232,1295
62-160,51,133,2711
29-064,93,232,1291
29-065,93,232,1294
62-165,51,133,2767
62-164,51,133,2766
29-068,93,232,1296
62-163,51,133,2765
29-069,93,232,1297
62-162,51,133,2713
52-056,60,146,3860
25-158_EN,60,146,3364
29-062,93,232,1229
32-271_EN,60,146,4440
29-063,93,232,1230
29-060,93,232,1227
29-061,93,232,1228
52-064,60,146,620
62-158,51,133,2593
62-157,51,133,2582
62-156,51,133,2527
52-063,60,146,622
62-155,51,133,2526
52-527_EN,60,1463374
56-099,68,262,2568
56-097,68,212,2539
56-098,68,212,2540
56-095,68,212,2537
56-096,68,212,2538
56-093,68,262,2579
56-094,68,212,2536
56-091,68,262,2550
56-092,68,262,2551
56-090,68,262,2531
21-482_MN,62,168,3734
32-094_MN,62,168,4272
56-088,68,212,2524
56-089,68,262,2525
56-086,68,213,2469
25-011,94,264,703
25-012,57,141,906
25-010,94,264,702
25-015,60,146,765
25-016,57,141,767
25-013,57,141,730
25-014,94,264,731
25-019,57,141,803
25-017,57,141,773
25-018,57,141,802
25-022,57,141,837
25-020,57,141,804
25-021,57,141,805
25-027,57,141,907
25-028,94,235,908
25-029,57,141,909
32-218_EN,60,146,4358
25-005,57,141,594
25-008,94,264,905
25-009,93,227,772
25-006,57,141,701
25-007,57,141,904
25-051,94,264,1400
25-052,94,264,1564
03-011_CT,63,167,2455
25-050,94,264,1399
25-055,57,141,1577
25-056,57,141,1581
25-053,94,264,1557
25-054,94,236,1574
25-059,57,141,1639
29-204_MN,62,168,3435
19-018_JP,70,166,3925
25-057,57,141,1604
25-058,57,141,1638
02-034_MN,62,168,3436
32-231_EN,60,146,4376
25-070,94,264,1808
25-062,57,141,1642
25-063,57,141,1656
25-060,57,141,1640
25-061,57,141,1641
25-066,94,236,1771
25-067,94,236,1793
25-064,57,141,1755
25-065,57,141,1758
25-068,57,141,1796
25-069,57,141,1797
29-163_CT,63,167,2553
32-012_EN,60,146,3900
25-030,57,141,866
25-031,94,264,878
25-037,57,141,1054
25-038,57,141,985
25-035,57,141,1071
25-039,94,264,1051
25-040,94,236,1057
25-041,93,227,1080
25-044,57,141,1174
25-045,94,264,1287
25-042,57,141,1089
25-048,94,235,1314
25-049,93,227,1385
25-046,57,141,1282
25-047,94,235,1350
32-255_EN,60,146,4403
17-011,17,59,215
25-095,57,141,2063
17-010,17,59,214
25-096,94,235,2066
17-013,17,59,217
25-093,94,236,1971
17-012,17,59,216
25-094,94,236,2062
17-015,17,60,219
25-099,92,216,2022
17-014,17,59,218
25-097,94,235,2999
25-098,92,216,2021
01-015_MN,62,168,3290
19-018_MN,62,168,4237
17-008,17,59,212
21-482_CT,63,167,3733
17-007,17,59,211
17-009,17,59,213
17-002,60,146,206
17-001,17,59,205
17-004,17,59,208
17-003,17,59,207
17-006,17,59,210
17-005,17,59,209
65-128_CS,58,179,3119
65-128_CJ,70,166,3120
52-522_EN,60,1463369
25-080,94,264,1873
25-081,57,141,1927
25-073,57,141,1841
25-074,94,236,1842
25-071,94,264,1812
25-072,94,264,1813
25-077,57,141,1854
25-078,57,141,1871
25-075,94,236,1840
25-076,57,141,1853
25-079,57,141,1872
25-091,57,141,1983
25-092,57,141,1982
25-090,94,264,2061
25-084,57,141,1932
25-085,57,141,1939
25-082,57,141,1928
25-083,57,141,1926
25-086,57,141,1940
25-087,94,264,1951
29-110,93,232,1484
29-111,93,232,1485
29-114,93,232,1494
62-154,51,133,2402
29-115,93,232,1502
29-112,93,232,1486
62-152,51,133,2338
29-113,93,232,1487
62-151,51,133,2318
24-018_CT,63,167,4130
29-118,93,232,1516
62-147,51,133,2312
29-119,93,232,1518
62-146,51,133,2308
29-116,93,232,1509
62-145,51,133,2298
29-117,93,232,1517
62-144,51,133,2251
62-149,51,133,2275
62-148,51,133,2274
29-121,93,232,1524
29-122,93,232,1536
29-120,93,232,1522
29-125,93,232,1555
62-143,51,133,2280
29-126,93,232,1573
29-123,93,232,1539
62-141,51,133,2159
29-124,93,232,1541
62-140,51,133,2167
29-129,93,232,1621
62-136,51,133,2146
62-135,51,133,2069
29-127,93,232,1584
62-134,51,133,2068
29-128,93,232,1620
62-139,51,133,2158
62-138,51,133,2148
62-137,51,133,2147
24-006_CT,63,167,4123
29-132,93,232,1630
29-133,93,232,1685
09-023_MN,62,168,3996
29-130,93,232,1622
29-131,93,232,1623
29-136,93,232,1712
62-132,51,133,2065
29-137,93,232,1713
62-131,51,133,2064
29-134,93,232,1699
62-130,51,133,1984
29-135,93,232,1711
62-125,51,133,1941
62-124,51,133,1922
29-138,93,232,1726
62-123,51,133,1923
29-139,93,232,1734
62-122,51,133,1895
62-128,51,133,1968
62-127,51,133,1967
62-126,51,133,1966
29-143,93,232,1772
29-144,93,232,1773
29-141,93,232,1742
29-142,93,232,1757
29-147,93,232,1780
62-121,51,133,1858
29-148,93,232,1811
62-120,51,133,1823
29-145,93,232,1775
29-146,93,232,1779
29-140,93,232,1738
62-119,51,133,1801
52-509_EN,60,1463904
62-114,51,133,1748
62-113,51,133,1747
62-112,51,133,1643
29-149,93,232,1845
62-111,51,133,1618
62-118,51,133,1800
62-117,51,133,1794
62-116,51,133,1809
62-110,51,133,1617
62-109,51,133,1616
62-108,51,133,1593
62-103,51,133,1511
62-102,51,133,1501
62-101,51,133,1470
62-100,51,133,1435
62-107,51,133,1578
62-105,51,133,1537
62-104,51,133,1512
21-007,93,233,428
21-006,93,223,427
21-009,93,223,430
21-008,93,223,429
21-001,93,226,521
61-157_MN,62,168,2871
21-003,93,233,425
21-002,93,226,522
21-005,93,223,426
21-004,17,60,220
57-109,68,200,3219
21-018,93,233,368
21-017,93,224,1028
21-019,38,108,314
21-010,13,52,640
21-012,13,52,642
21-011,60,146,641
21-014,38,108,409
21-013,13,52,638
21-016,93,224,366
21-015,38,107,406
29-100,93,232,1468
29-103,93,232,1472
29-104,93,232,1473
21-030,93,223,438
29-101,93,232,1469
29-102,93,232,1471
21-029,38,107,408
21-028,38,109,411
21-021,93,224,370
29-107,93,232,1481
21-020,93,224,369
29-108,93,232,1482
21-023,13,52,643
29-105,93,232,1475
21-022,38,107,407
29-106,93,232,1476
08-003,8,36,91
21-025,93,233,437
08-004,8,35,92
21-024,93,223,436
08-001,8,36,89
21-027,38,109,410
29-109,93,232,1483
08-002,8,34,90
21-026,93,224,391
29-198,93,232,2515
29-199,93,232,2535
29-196,93,232,2512
29-197,93,232,2514
21-041,93,226,442
21-040,13,52,645
29-190,93,232,2413
29-191,93,232,2420
29-194,93,232,2435
29-195,93,232,2448
29-192,93,232,2421
29-193,93,232,2434
21-039,17,60,221
21-032,13,52,644
21-031,93,226,523
21-034,38,110,413
21-033,38,110,412
21-036,93,223,439
21-035,93,224,315
21-038,93,223,440
21-037,93,226,524
21-050,93,223,444
61-157_HK,101,256,2870
21-052,38,112,417
21-051,93,223,445
04-009,4,21,70
WD01-001,91,237,3171
04-003,4,24,64
04-004,4,22,65
04-001,4,23,62
04-002,4,25,63
04-007,4,22,68
04-008,4,21,69
04-005,4,22,66
04-006,4,25,67
21-043,93,224,400
21-042,93,227,512
21-045,38,111,414
21-044,93,224,371
21-047,38,112,416
21-046,93,224,395
21-049,17,61,636
21-048,17,61,635
62-095,51,133,1422
62-094,51,133,1395
62-093,51,133,1386
62-092,49,131,1338
21-061,93,224,318
62-099,51,133,1433
21-060,93,227,514
62-098,51,133,1434
21-063,93,223,451
62-097,51,133,1421
21-062,93,224,319
62-096,51,133,1420
62-090,51,133,1289
21-054,93,223,447
21-053,93,223,446
21-056,93,223,449
21-055,93,223,448
62-089,51,133,1248
32-097_MN,62,168,4278
21-058,93,231,374
21-057,93,233,450
21-059,93,227,513
62-084,50,132,1199
62-083,51,133,1214
21-070,93,223,452
21-072,93,231,375
62-088,51,133,1247
21-071,42,121,325
62-087,51,133,2009
21-074,93,224,397
62-086,49,131,1190
21-073,93,223,396
62-085,50,132,1200
62-080,51,133,948
21-065,93,224,321
21-064,93,224,320
21-067,17,61,241
62-079,51,133,947
21-066,93,224,322
62-078,51,133,946
21-069,93,222,324
21-068,93,224,323
29-154,93,232,2043
62-072,49,131,770
29-155,93,232,2044
21-081,38,113,419
29-152,93,232,2042
21-080,38,113,418
62-070,50,132,732
29-153,93,232,2222
21-083,93,223,455
29-158,93,232,2213
21-082,93,223,454
29-159,93,232,2224
21-085,93,222,328
62-075,51,133,980
29-156,93,232,2211
52-165_EN,60,146,3887
21-084,93,223,456
29-157,93,232,2212
62-074,51,133,2746
29-150,93,232,1846
29-151,93,232,2041
21-076,93,224,398
21-075,93,231,376
62-069,51,133,683
21-078,93,233,453
21-077,93,229,498
21-079,17,63,249
21-090,38,114,420
29-165,93,232,2302
29-166,93,232,2303
21-092,93,222,329
29-163,93,232,2250
21-091,93,231,377
29-164,93,232,2301
21-094,93,223,458
29-169,93,232,2254
21-093,93,223,457
21-096,93,229,500
29-167,93,232,2304
21-095,93,229,499
29-168,93,232,2305
29-161,93,232,2226
29-162,93,232,2237
29-160,93,232,2225
21-087,93,222,581
21-086,93,222,580
21-089,93,226,525
21-088,93,224,404
29-176,93,232,2337
WD16-004,91,243,2873
WD16-003,91,243,1906
29-177,93,232,2343
29-174,93,232,2327
WD16-006,91,243,3077
29-175,93,232,2336
WD16-005,91,243,2920
WD16-008,91,243,4254
WD16-007,91,243,4053
29-178,93,232,2348
29-179,93,232,2359
29-172,93,232,2325
29-173,93,232,2326
WD16-002,91,243,1914
29-170,93,232,2315
29-171,93,232,2324
WD16-001,91,243,2891
21-098,93,227,515
21-097,93,222,617
21-099,69,165,1576
29-187,93,232,2408
29-188,93,232,2409
29-185,93,232,2406
29-186,93,232,2407
29-189,93,232,2412
29-204_CT,63,167,3971
29-180,93,232,2364
29-183,93,232,2395
29-184,93,232,2404
29-181,93,232,2388
29-182,93,232,2390
52-072_CT,63,153,3025
21-509_MN,62,168,3750
32-033_EN,60,146,3902
32-097_CT,63,167,4277
32-239_EN,60,146,4383
25-109,57,141,2165
25-100,57,141,2029
25-103,57,141,2036
25-104,57,141,2037
25-101,94,236,2031
25-102,57,141,2035
25-107,57,141,2163
25-108,94,264,2164
25-105,57,141,2092
25-106,57,141,2162
29-050_CT,63,167,2460
61-157_CT,63,167,2869
21-509_CT,63,167,3749
25-132,94,235,2759
25-133,94,264,2808
25-130,57,141,2702
25-131,57,141,2744
25-136,94,235,2834
25-137,57,141,2839
25-134,94,236,2832
25-135,57,141,2833
25-138,94,235,2844
25-139,94,235,2845
32-252_EN,60,146,4423
25-140,57,141,2846
25-143,57,141,2883
25-144,94,264,2937
25-141,60,146,2877
25-142,60,146,2882
25-147,60,146,2965
25-148,60,146,3046
25-146,57,141,2955
25-149,57,141,3055
24-003_CT,63,167,2793
04-012,4,25,73
32-240_EN,60,146,4384
25-110,57,141,2166
25-111,94,264,2168
25-114,94,235,2207
25-115,94,264,2215
25-112,94,235,2169
25-113,57,141,2170
04-010,4,23,71
25-118,57,141,2270
04-011,4,23,72
25-119,57,141,2349
25-117,57,141,2269
25-121,94,264,2383
25-122,94,235,2393
25-120,57,141,2363
25-125,94,264,2477
25-123,94,235,2394
25-124,94,235,2453
25-129,57,141,2701
25-127,94,235,2530
25-128,94,264,2700
21-723_CT,63,167,3841
65-117_HK,101,256,2556
29-127_CT,63,167,2447
WD21-018,91,238,3338
32-127,93,224,4162
32-128,93,222,4168
32-125,93,223,4153
32-140,93,223,4191
WD21-022,91,238,1915
WD21-021,91,244,1917
WD21-029,91,238,1904
WD21-028,91,238,1905
WD21-027,91,214,1878
WD21-026,91,238,1898
06-002_CT,63,167,2973
32-138,93,222,4228
WD21-025,91,238,1899
32-139,93,224,4190
WD21-024,91,238,1901
WD21-023,91,238,1912
32-134,93,224,4179
32-135,93,224,4181
32-136,93,222,4195
32-137,93,224,4186
32-130,93,223,4164
21-219_CT,63,167,2458
32-109,93,224,4109
32-106,93,223,4103
32-107,93,231,4104
32-108,93,223,4106
32-101,93,233,4071
32-103,93,224,4076
32-100,93,224,4060
24-015_CT,63,167,4127
21-509,38,210,1804
21-503,93,224,1799
21-504,93,224,1807
21-501,93,224,1806
21-502,93,224,1802
21-507,38,210,1803
32-116,93,233,4133
21-508,93,223,1805
32-117,93,233,4140
21-505,38,210,1795
WD21-002,91,238,3337
32-118,93,233,4141
21-506,93,231,1810
WD21-001,91,238,3336
32-119,93,223,4174
32-112,93,233,4114
32-113,93,233,4115
32-114,93,222,4122
32-115,93,233,4132
21-500,93,224,1798
32-110,93,233,4110
32-111,93,222,4111
32-232_EN,60,146,4377
21-515,92,216,1827
21-513,42,121,1937
21-518,93,229,1837
21-519,93,223,1838
21-516,93,223,1839
21-517,42,121,1836
65-117_CT,63,167,2557
21-510,93,223,1820
21-525,93,222,3342
21-526,42,121,1877
21-523,93,227,1857
21-524,93,224,1859
21-529,93,222,1954
21-527,93,227,1952
21-528,93,224,1956
21-521,38,210,1850
21-522,93,223,1849
21-520,92,216,1844
21-536,93,233,2003
21-537,93,233,2004
21-534,93,222,2454
21-535,38,210,1990
21-538,93,222,2002
21-539,92,216,2019
21-532,93,233,1975
21-533,93,224,2005
21-530,93,224,1955
21-531,93,223,1960
WD05-001,91,237,2464
32-096_CT,63,167,4275
21-547,93,233,2077
21-548,93,233,2078
21-545,93,224,2046
21-546,93,223,2072
21-549,93,233,2079
21-540,92,216,2020
21-543,93,224,2034
21-544,93,233,2045
21-541,93,224,2028
21-542,93,233,2030
WD21-090,91,238,4343
WD21-099,91,238,4414
WD21-098,91,238,4413
WD21-097,91,238,4409
WD21-096,91,238,4410
WD21-093,91,238,4364
WD21-092,91,238,4371
21-558,93,222,2127
21-559,93,222,2125
21-556,93,224,2123
21-557,93,223,2124
21-550,93,223,2081
21-551,93,224,2082
21-554,93,223,2096
21-555,93,233,2121
21-552,93,224,2095
21-553,93,233,2091
52-521_EN,60,1463368
21-569,93,229,2136
21-567,93,222,2177
21-568,93,229,2135
21-561,93,230,2130
21-562,93,230,2129
03-005_MN,62,168,2992
21-560,42,121,2126
21-565,93,222,2133
21-566,93,224,2132
21-563,93,230,2128
21-564,93,222,2131
07-004_MN,62,168,4096
21-580,93,233,2176
WD21-077,91,238,4082
WD21-076,91,238,4081
WD21-075,91,238,4070
WD21-074,91,238,4052
WD21-073,91,238,4051
WD21-072,91,238,4050
WD21-071,91,238,3979
WD21-070,91,238,3978
21-578,93,233,2153
21-579,93,224,2154
WD21-079,91,238,4142
WD21-078,91,238,4099
21-572,93,223,2138
21-573,93,223,2143
21-570,93,224,2144
21-571,93,229,2137
21-576,93,233,2150
21-577,93,224,2151
21-574,93,224,2145
21-575,93,233,2149
WD21-080,91,238,4172
21-590,93,227,2229
21-591,93,224,2242
65-117_MN,62,168,2555
WD21-088,91,238,4381
WD21-087,91,238,4334
WD21-086,91,238,4266
WD21-085,91,238,4248
WD21-084,91,238,4247
WD21-083,91,238,4259
WD21-082,91,238,4209
WD21-081,91,244,4184
21-589,93,223,2228
21-723_MN,62,168,3842
WD21-089,91,238,4374
21-583,93,233,2185
21-584,93,233,2200
21-581,93,233,2206
21-582,93,233,2184
21-587,93,223,2210
21-588,93,224,2227
21-585,93,223,2202
21-586,93,223,2205
WD21-055,91,238,2820
WD21-054,91,238,2819
WD21-053,91,238,3537
WD21-052,91,238,2798
WD21-051,91,238,2768
WD21-050,91,238,3813
WD21-059,91,238,3075
WD21-058,91,237,2980
WD21-057,91,238,2917
WD21-056,91,237,2860
21-594,93,223,2234
21-595,93,224,2243
21-592,93,223,2232
21-593,93,223,2233
21-598,93,223,2256
21-599,93,223,2257
21-596,93,224,2246
21-597,93,222,2249
WD21-066,91,237,3936
WD21-065,91,237,3891
WD21-064,91,238,3663
WD21-063,91,238,3623
WD21-062,91,238,3408
WD21-061,91,238,3250
WD21-069,91,238,3977
WD21-068,91,238,3968
WD21-067,91,238,3960
WD21-033,91,238,1933
WD21-032,91,238,3377
WD21-031,91,238,1921
WD21-030,91,238,1920
WD21-039,91,238,2355
WD21-038,91,238,2353
WD21-037,91,238,2320
WD21-036,91,238,2299
WD21-035,91,237,2296
WD21-034,91,238,2260
WD21-044,91,237,2478
WD21-043,91,237,2479
WD21-042,91,238,2375
WD21-041,91,237,2357
WD21-040,91,238,2356
WD21-049,91,238,2715
WD21-048,91,238,2714
WD21-047,91,238,2641
14-014_MN,62,168,3403
WD21-046,91,238,2592
WD21-045,91,238,2544
03-005_CT,63,167,2991
32-096_MN,62,168,4276
12-032,78,46,129
12-031,78,46,128
12-030,78,46,127
12-036,78,46,133
12-035,78,46,132
12-034,78,46,131
12-033,78,46,130
12-039,78,46,136
12-038,78,46,135
12-037,78,46,134
21-219_VT,100,255,2719
21-661_EN,60,146,3897
12-021,78,46,118
12-020,78,46,117
12-025,78,46,122
12-024,78,46,121
12-023,78,46,120
12-022,78,46,119
12-029,78,46,126
12-028,78,46,125
12-027,78,46,124
12-026,78,46,123
12-010,78,47,148
12-014,78,44,114
65-012_CT,63,167,2721
12-013,78,43,113
12-012,78,42,112
12-011,12,51,154
12-018,12,50,151
12-017,12,48,149
12-016,12,49,150
12-015,78,45,115
12-019,78,46,116
52-505_EN,60,1463903
12-003,78,47,142
12-002,78,47,141
12-001,12,51,152
12-007,78,47,146
12-006,78,47,145
12-005,78,47,144
12-004,78,47,143
12-009,12,51,153
12-008,78,47,147
32-195,93,224,4279
26-001,42,121,510
26-002,42,121,511
24-012_CT,63,167,4124
12-043,78,46,140
12-042,78,46,139
12-041,78,46,138
12-040,78,46,137
12-047,12,209,1740
12-046,12,209,1601
12-045,12,51,3997
12-044,78,47,1062
61-186_MN,62,259,3771
32-167,93,224,4264
32-163,93,222,4217
32-164,93,222,4229
32-165,93,224,4230
32-166,93,224,4251
07-004_CT,63,167,2450
WD25-002,91,242,2340
WD25-005,91,242,1902
WD25-007,91,242,1919
WD25-008,91,242,1934
32-241_EN,60,146,4385
WD25-009,91,242,2300
32-175,93,222,4239
WD25-010,91,242,2339
WD25-011,91,242,2710
WD25-012,91,242,2752
32-149,93,233,4200
WD25-013,91,242,2753
WD25-014,91,242,2754
WD25-015,91,242,2797
WD25-016,91,242,2817
WD25-017,91,242,3159
32-146,93,224,4196
WD25-018,91,242,3325
32-147,93,224,4197
WD25-019,91,242,3581
WD25-020,91,242,3582
WD25-021,91,242,4055
16-014,17,220,197
16-013,17,220,196
16-012,17,220,195
16-011,17,221,194
32-250,93,224,4380
16-018,17,220,201
16-017,17,220,200
16-016,17,220,199
16-015,17,220,198
52-524_EN,60,1463371
16-010,17,220,193
65-024_MN,62,168,2730
32-248,93,233,4373
32-249,93,224,4379
32-245,93,233,4372
32-246,93,224,4359
16-019,17,220,202
32-247,93,222,4365
32-240,93,224,4338
32-241,93,224,4340
32-242,93,224,4341
32-243,93,224,4336
16-003,17,220,186
16-002,17,220,185
16-001,17,221,184
32-260,93,224,4416
32-261,93,233,4443
16-007,17,220,190
16-006,17,220,189
16-005,17,220,188
16-004,17,220,187
21-608,93,223,2361
21-602,93,222,2255
21-603,93,224,2322
21-600,93,223,2253
21-601,93,223,2252
21-606,93,224,2360
32-259,93,224,4418
21-607,93,233,2362
32-255,93,224,4399
32-256,93,224,4408
16-009,17,220,192
32-257,93,233,4411
16-008,17,220,191
32-258,93,225,4415
32-251,93,222,4438
32-252,93,224,4422
32-253,93,223,4397
32-254,93,224,4398
WD21-110,91,2384518
21-619,93,223,2442
21-613,93,224,2401
21-614,93,224,2405
21-611,38,250,2384
21-612,93,233,2392
21-617,93,233,2437
32-226,93,223,4306
21-618,93,231,2441
32-227,93,223,4312
21-615,93,223,2411
32-228,93,224,4316
21-616,93,223,2431
32-229,93,233,4320
32-222,93,233,4307
32-225,93,233,4304
21-610,93,223,2371
32-220,93,233,4309
32-221,93,233,4310
16-024,17,220,1163
16-023,17,220,918
16-022,17,220,931
07-002,7,31,84
07-003,7,31,85
07-004,7,31,86
07-005,7,33,87
16-021,17,220,204
16-020,17,220,203
07-001,7,33,83
21-624,93,224,2522
21-622,93,223,2518
21-623,93,223,2476
21-628,93,223,2578
32-237,93,222,4331
32-238,93,233,4348
21-626,93,222,2532
21-479_MN,62,168,3731
32-239,93,224,4337
21-627,93,231,2533
32-235,93,233,4325
32-236,38,279,4323
32-289_EN,60,1464495
21-620,93,223,2445
21-621,93,233,2452
32-230,93,224,4317
32-231,93,222,4322
32-232,93,233,4319
52-501,99,253,3220
52-502,60,1463047
52-500,99,253,3017
52-509,74,185,3062
21-455_MN,62,168,3727
52-507,60,1463060
52-508,60,1463061
52-505,74,185,3050
52-506,60,1463059
52-504,60,1463049
21-635,93,223,2685
21-636,93,222,2747
21-633,93,222,2633
21-634,93,223,2638
21-639,93,229,2780
21-637,93,222,2762
21-638,93,222,2775
32-207,93,233,4281
21-632,93,222,2581
21-630,93,223,2547
52-512,60,1463153
52-513,60,1463154
52-510,63,153,3083
52-511,60,1463129
21-678_EN,60,146,3361
52-518,68,200,3167
52-519,68,200,3182
52-516,60,1463165
52-514,60,1463155
52-515,60,1463164
21-646,93,222,2843
32-219,93,233,4308
WD21-107,91,2384461
21-647,93,222,2847
WD21-106,91,238,4458
21-644,93,231,2838
WD21-105,91,238,4437
21-645,93,222,2841
WD21-104,91,238,4436
32-215,93,233,4295
WD21-103,91,238,4426
32-216,93,223,4297
WD21-102,91,238,4427
21-648,93,224,2852
32-217,93,227,4298
WD21-101,91,238,4425
21-649,93,233,2853
32-218,93,233,4303
WD21-100,91,238,4433
32-213,93,233,4284
32-214,93,233,4285
21-642,93,222,2829
21-643,93,233,2831
21-640,93,224,2794
WD21-109,91,2384479
21-641,93,222,2799
WD21-108,91,2384460
21-657,42,121,2898
21-658,93,223,2913
21-655,93,223,2887
21-778_EN,60,146,4368
21-656,93,224,2896
21-659,38,254,2921
21-650,93,223,2865
21-653,93,223,2884
21-654,93,224,2885
21-651,42,121,2866
21-652,93,229,2872
21-668,93,229,3003
21-669,42,121,3041
21-666,93,222,2998
21-667,93,224,3000
21-661,42,121,2960
21-665,93,229,3094
21-662,42,121,2961
22-005,69,165,291
22-006,93,222,333
22-007,93,222,334
22-008,34,94,1014
22-009,34,94,1015
32-290_JP,70,1664505
22-001,34,94,311
22-002,34,94,312
22-003,34,94,313
22-004,93,222,332
21-677,93,233,3161
21-678,93,222,3170
21-671,93,222,3058
21-672,93,222,3065
21-670,93,222,3045
21-675,93,222,3113
65-012_EN,60,1462723
21-676,42,121,3124
21-674,93,222,3115
21-690,93,224,3293
21-688,42,121,3270
21-689,42,121,3278
21-683,93,233,3450
21-680,93,224,3217
21-681,93,222,3343
21-687,93,224,3256
21-684,93,223,3251
21-479_CT,63,167,3730
21-699,38,270,3421
21-694,93,222,3353
21-691,93,224,3294
21-692,93,222,3309
21-697,42,121,3404
21-698,38,270,3412
21-695,93,231,3356
21-696,93,224,3393
22-016,93,224,401
22-017,93,224,402
22-018,93,224,403
22-019,34,94,1016
22-010,17,60,222
22-011,93,222,967
22-012,93,224,386
22-013,17,60,223
22-014,93,224,387
22-015,93,224,388
21-455_CT,63,167,3726
54-058_EN,60,1464468
29-509_EN,60,1464499
54-055_EN,60,1464394
WD02-010,91,2374481
02-041_MN,62,168,4454
62-260_EN,60,1464515
32-237_EN,60,146,4378
19-012_MN,62,168,3329
52-114_VT,100,255,2720
52-545,68,200,3502
52-546,68,200,3503
52-543,68,200,3499
65-012_VT,100,255,2722
52-544,68,200,3501
52-541,68,200,3300
52-542,68,200,3301
52-540,68,200,3299
52-549,68,200,3688
52-547,68,211,3810
52-548,68,200,3966
52-557,99,253,4135
52-554,68,200,4077
52-555,68,200,4078
21-657_EN,60,146,3093
52-552,68,200,3711
52-553,68,200,4068
21-483_MN,62,168,3736
52-550,68,200,3969
52-551,68,200,4054
52-558,99,253,4136
52-559,99,253,4137
52-560,68,200,4178
52-523,68,200,3192
52-524,68,200,3193
52-521,68,200,3189
52-522,68,200,3190
52-520,68,200,3183
03-010,3,20,60
03-011,3,20,61
52-529,68,200,3280
52-527,68,200,3196
52-525,68,200,3194
52-526,68,200,3195
21-669_EN,60,146,3899
52-534,68,200,3286
52-535,68,200,3287
52-532,68,200,3284
52-533,68,200,3285
52-530,68,200,3281
52-531,68,200,3283
52-538,68,200,3297
52-539,68,200,3298
52-536,68,200,3288
52-537,68,200,3289
32-291,93,2244501
32-292,93,2244519
32-294,93,2224509
32-290,93,2224504
WD02-006,91,237,2358
WD02-007,91,237,3076
WD02-008,91,237,4350
WD02-009,91,2374478
WD19-003,91,237,3169
32-288,93,2244516
WD02-002,91,2374508
WD02-003,91,237,1985
WD19-002,91,237,1986
32-289,93,2244494
WD19-001,91,237,1979
WD19-007,91,237,4302
32-284,93,2244485
WD19-006,91,237,3335
32-285,93,222,4487
WD19-005,91,237,3334
32-286,93,2244492
WD02-001,91,237,1977
WD19-004,91,237,3333
32-287,93,2254489
03-006,3,15,56
03-007,3,19,57
03-008,3,18,58
WD19-009,91,237,4256
03-009,3,20,59
03-002,3,19,52
03-003,3,16,53
03-004,3,16,54
03-005,3,18,55
03-001,3,17,51
WD19-014,91,237,3399
WD19-013,91,237,1916
WD19-018,91,237,2297
32-295,93,2254511
WD19-017,91,237,1910
32-296,93,2244512
32-297,93,2244524
WD19-015,91,237,1911
32-298,93,2244525
52-567,68,200,4262
52-568,68,200,4282
52-565,68,200,4221
32-271,93,233,4439
WD19-019,91,237,2316
52-566,68,200,4222
32-272,93,233,4446
52-563,68,200,4213
52-564,68,200,4220
52-561,68,200,4201
52-562,68,200,4219
52-569,68,200,4287
WD19-021,91,237,2410
WD19-020,91,237,2317
WD19-025,91,237,4116
32-266,93,233,4444
WD19-024,91,237,2818
32-267,93,233,4431
WD19-023,91,237,2513
32-268,93,233,4447
WD19-022,91,237,2443
32-269,93,233,4445
WD19-029,91,237,4401
32-262,93,233,4435
WD19-028,91,237,4400
32-263,93,233,4441
WD19-027,91,237,4353
32-264,93,224,4424
WD19-026,91,237,4351
32-280,93,2244470
52-578,94,2354463
32-281,93,2244474
52-579,68,2004464
32-282,93,2244483
52-577,68,200,4390
32-283,93,2244484
21-709,93,224,3543
21-707,93,224,3512
21-701,93,229,3444
21-702,93,224,3452
21-700,93,229,3441
21-705,93,233,3583
WD19-032,91,2374496
21-706,93,223,3494
WD19-031,91,237,4448
21-703,93,224,3475
WD19-030,91,237,4402
21-704,92,216,3447
32-277,93,225,4456
32-278,93,224,4459
32-279,93,2244469
19-012_EN,60,146,3885
32-273,93,233,4455
32-274,93,233,4452
32-275,93,224,4471
32-276,93,224,4449
14-012_CT,63,167,2446
14-012_CZ,71,171,2823
21-483_CT,63,167,3735
32-242_EN,60,146,4386
29-400,93,232,3453
29-401,93,232,3457
63-001,91,245,1924
63-003,91,245,2814
63-002,91,245,4283
63-006,91,245,3788
29-404,93,232,3462
29-405,93,232,3466
29-402,93,232,3458
29-403,93,232,3459
29-408,93,232,3472
29-409,93,232,3473
29-406,93,232,3470
29-407,93,232,3471
29-411,93,232,3476
29-412,93,232,3478
29-410,93,232,3474
29-415,93,232,3481
29-416,93,232,3482
29-413,93,232,3479
29-414,93,232,3480
29-419,93,232,3487
29-417,93,232,3483
29-418,93,232,3484
29-422,93,232,3491
29-423,93,232,3506
29-420,93,232,3488
29-421,93,232,3490
52-523_EN,60,1463370
63-032,52,134,3258
29-426,93,232,3514
29-427,93,232,3516
29-424,93,232,3507
29-425,93,232,3513
29-428,93,232,3517
29-429,93,232,3518
63-034,52,134,3260
63-033,52,134,3259
63-036,52,134,3262
63-035,52,134,3261
63-038,52,134,4169
63-037,52,134,3263
63-039,52,134,3264
02-029,2,9,44
02-027,2,11,42
63-041,52,134,4170
02-028,2,14,43
63-040,52,134,3265
02-025,2,14,40
63-043,52,134,3267
02-026,2,10,41
63-042,52,134,3266
02-023,2,10,38
02-024,2,9,39
02-021,2,10,36
02-022,2,9,37
02-020,2,11,35
21-741_MN,62,168,4268
63-045,52,134,4171
21-699_MN,62,168,3763
65-037_MN,62,168,1203
24-017_CT,63,167,4129
02-018,2,8,33
02-019,2,11,34
02-016,2,9,31
63-052,99,253,3268
02-017,2,9,32
02-014,2,10,29
02-015,2,13,30
02-012,2,11,27
02-013,2,9,28
02-010,2,13,25
02-011,2,9,26
02-047,2,11,4421
02-045,2,11,4412
02-046,2,11,4442
02-043,2,11,4006
02-044,2,11,4007
02-041,2,11,3526
02-042,2,11,3527
02-040,2,11,3152
21-305,38,175,1087
21-306,93,229,1088
21-303,93,227,1083
21-304,38,175,1085
21-309,93,223,1094
02-038,2,8,2152
02-039,2,11,2241
02-036,2,8,571
21-307,38,175,1092
21-308,93,223,1093
02-037,2,11,2815
02-034,2,11,49
02-035,2,8,50
02-032,2,8,47
02-033,2,8,48
21-301,93,227,1082
02-031,2,12,46
21-302,92,216,1059
21-300,92,216,1053
29-473,93,232,3937
29-474,93,232,3941
29-471,93,232,3917
29-472,93,232,3922
29-477,93,232,4031
29-478,93,232,4044
29-475,93,232,4010
29-476,93,232,4011
29-470,93,232,3916
21-316,38,175,1100
21-317,93,231,1103
21-314,93,223,1099
21-315,92,216,1101
21-651_EN,60,146,3895
21-318,93,222,1147
21-319,38,175,1104
29-479,93,232,4045
21-312,93,223,1097
21-313,38,175,1098
21-310,38,175,1095
21-311,93,229,1096
29-484,93,232,4086
29-485,93,232,4093
29-482,93,232,4056
29-483,93,232,4085
29-488,93,232,4112
29-489,93,232,4113
29-486,93,232,4098
29-487,93,232,4101
29-480,93,232,4046
29-481,93,232,4049
21-327,93,223,1142
21-328,38,175,1143
21-325,38,175,1139
WD20-030,91,237,4420
21-326,38,175,1141
WD20-032,91,2374493
WD20-031,91,2374490
21-329,38,175,1146
WD20-034,91,2374522
WD20-033,91,2374527
21-320,93,229,1109
14-012_MN,62,168,3064
21-323,38,175,1124
21-324,38,175,1126
21-321,38,175,1119
21-322,93,223,1123
29-496,93,232,4155
29-493,93,232,4180
29-494,93,232,4144
29-499,93,232,4296
29-497,93,232,4156
29-498,93,232,4159
29-491,93,232,4119
29-492,93,232,4121
29-490,93,232,4118
21-338,38,175,1159
WD15-007,91,237,4024
21-339,38,175,1162
WD15-006,91,237,3994
21-336,38,175,1157
WD15-005,91,237,3078
21-337,93,223,1158
WD15-004,91,237,1918
21-330,38,175,1148
21-331,93,223,1150
21-334,38,175,1155
WD15-003,91,237,2554
21-335,38,175,1156
WD15-002,91,237,1931
21-332,38,175,1151
WD15-001,91,237,1900
21-333,38,175,1154
21-347,92,216,1195
21-348,38,175,1196
21-341,38,144,1170
21-342,38,175,1172
21-340,93,222,1164
21-345,93,223,1178
21-346,38,175,1179
21-343,38,175,1175
21-344,42,121,1186
29-430,93,232,3519
29-506_MN,62,168,4335
29-433,93,232,3523
21-360,93,223,1285
29-434,93,232,3524
29-431,93,232,3520
29-432,93,232,3521
WD20-002,91,237,4289
WD20-007,91,240,2915
21-358,38,175,1232
21-359,93,231,1239
WD20-001,91,237,3358
21-352,38,175,1215
29-437,93,232,3529
21-353,13,52,1216
29-438,93,232,3532
21-350,38,175,1211
29-435,93,232,3525
21-351,42,121,1213
29-436,93,232,3528
21-699_CT,63,167,3762
21-356,38,175,1220
21-357,93,223,1231
65-037_CT,63,167,2519
21-354,13,52,1217
29-439,93,232,3540
21-355,93,222,1218
29-440,93,232,3541
29-441,93,232,3542
21-370,93,223,1292
29-444,93,232,3555
21-371,38,182,1301
29-445,93,232,3556
29-442,93,232,3544
29-443,93,232,3545
21-369,38,182,1288
21-498_MN,62,168,3742
21-675_EN,60,146,3859
21-363,38,175,1237
29-448,93,232,3579
21-364,93,223,1254
29-449,93,232,3693
21-361,93,231,1286
29-446,93,232,3560
21-362,93,222,1245
29-447,93,232,3561
21-367,92,216,1280
21-368,38,182,1281
21-365,93,224,1255
21-366,38,182,1272
29-451,93,232,3709
29-452,93,232,3719
29-450,93,232,3708
21-381,93,223,1344
29-455,93,232,3765
21-382,93,223,1340
29-456,93,232,3779
29-453,93,232,3720
21-380,93,223,1320
29-454,93,232,3732
WD20-025,91,237,4249
WD20-024,91,237,4215
WD20-027,91,237,4419
WD20-026,91,237,4255
WD20-029,91,237,4417
WD20-028,91,237,4453
WD20-021,91,237,4183
WD20-020,91,237,3812
WD20-023,91,237,4208
WD20-022,91,237,4207
21-374,38,182,1303
29-459,93,232,3827
21-375,38,182,1304
21-372,93,224,1354
29-457,93,232,3776
21-373,93,229,1355
29-458,93,232,3781
21-378,38,183,1315
21-379,92,216,1319
21-376,93,227,1312
21-377,93,227,1309
29-462,93,232,3852
29-463,93,232,3853
16-013_CT,63,167,2456
29-460,93,232,3839
29-461,93,232,3851
21-392,38,182,1384
29-466,93,232,3905
21-393,38,182,1393
29-467,93,232,3912
21-390,38,182,1370
29-464,93,232,3855
21-391,38,182,1372
29-465,93,232,3856
WD20-014,91,240,2543
WD20-013,91,237,2313
WD20-016,91,237,3415
WD20-015,91,237,2939
WD20-018,91,237,3705
WD20-017,91,237,3536
WD20-019,91,237,3710
WD20-010,91,240,3716
21-090_MN,62,168,3241
WD20-012,91,240,2276
WD20-011,91,237,1903
21-385,42,121,1349
21-383,38,182,1347
29-468,93,232,3913
21-384,42,121,1348
29-469,93,232,3914
21-389,38,182,1364
21-387,93,223,1359
21-388,38,182,1363
01-011_CT,63,167,2748
21-474_MN,62,168,3729
21-396,38,182,1413
21-397,38,182,1415
21-394,93,231,1398
21-395,38,182,1401
21-398,93,233,1416
21-399,93,222,1417
52-488,60,146,2879
52-489,60,146,2880
52-487,60,146,2878
52-484,74,185,2862
52-485,60,146,2875
52-493,60,146,2967
52-494,60,146,2968
52-491,68,211,2938
52-492,60,146,2966
52-499,99,253,3016
52-497,99,253,3014
67-001,58,179,3383
52-498,99,253,3015
67-003,49,131,2094
52-495,60,1462969
52-496,68,200,2976
67-002,58,179,3384
67-005,58,179,3927
67-004,58,179,3838
32-291_JP,70,1664502
32-238_EN,60,146,4382
21-498_CT,63,167,3741
21-155_EN,60,146,3894
WD11-003,91,237,1925
52-424,68,200,2118
54-033,94,235,3274
WD11-002,91,237,1897
WD54-002,91,242,1936
52-425,68,200,2119
54-034,94,235,3275
WD11-001,91,237,1896
52-422,68,200,2116
WD54-003,91,242,2724
54-031,94,235,3230
32-251_EN,60,1464473
52-423,68,200,2117
WD54-004,91,242,2725
54-032,94,264,3273
WD54-005,91,242,2726
54-037,68,266,3315
WD54-006,91,242,2727
54-038,94,236,3345
WD11-006,91,237,3413
WD54-007,91,242,2728
WD11-005,91,214,2778
54-035,94,235,3279
WD11-004,91,237,2403
WD54-008,91,242,2729
54-036,68,266,3314
WD54-009,91,242,2936
54-039,68,266,3324
52-428,60,146,3858
52-429,60,146,3888
52-427,68,200,2142
54-040,94,264,3509
54-041,94,264,3642
54-022,51,133,2984
52-434,74,185,2214
52-431,68,200,2187
54-026,51,133,3108
52-432,68,200,2188
54-027,51,133,3109
01-011_MN,62,168,3397
52-430,68,200,2186
54-025,94,236,3107
54-029,94,235,3163
52-437,68,200,2344
WD54-010,91,242,3101
52-402,68,197,1994
52-403,68,197,1995
52-400,68,197,1969
52-401,68,197,1970
54-015,68,200,2631
54-014,68,200,2630
52-408,68,200,1976
54-017,94,264,2757
52-409,68,200,2001
52-406,68,200,2703
52-407,68,197,1981
52-404,68,212,1989
52-405,68,197,1974
11-002,26,72,265
11-001,25,71,264
52-411,68,200,2000
11-003,26,72,266
21-474_CT,63,167,3728
54-008,94,236,2189
54-009,94,236,2190
52-417,94,264,3387
52-415,68,200,2008
52-469,99,253,2490
02-012_MN,62,168,3454
52-467,68,200,2826
52-464,99,253,2485
52-465,99,253,2493
52-462,68,200,2389
52-463,99,253,2484
24-014_CT,63,167,4126
52-472,68,200,2607
52-470,99,253,2491
52-479,68,200,2763
52-477,68,211,2623
52-478,62,151,2660
52-475,68,211,2621
52-476,68,211,2622
52-473,68,200,2549
52-474,68,211,2620
24-002_CT,63,167,2792
12-047_MN,62,168,3893
52-482,60,146,2850
52-483,68,200,2851
52-480,68,200,2807
52-481,60,146,2849
52-446,68,262,2665
54-055,58,280,4391
52-447,68,262,3423
54-056,58,280,4392
52-444,68,262,2663
52-445,68,262,2664
54-054,94,235,4362
52-442,68,200,2271
52-440,68,200,2345
54-057,58,280,4393
52-441,68,262,2463
WD24-003,91,237,3430
54-058,94,2354465
52-448,68,262,3406
52-449,68,262,3424
52-450,68,262,3425
29-026_CT,63,167,2459
52-457,68,262,2669
52-458,68,262,2670
54-045,94,235,4299
54-042,57,141,3764
52-455,68,200,3906
52-456,68,262,2668
54-043,94,235,3981
52-453,68,262,2667
54-048,94,235,4301
54-046,94,235,4300
52-452,68,262,2666
54-047,94,235,4231
52-459,68,200,2342
62-246_EN,60,1464389
52-460,68,200,2830
52-461,74,185,2376
54-051,94,235,4332
32-006,93,233,2673
55-111,68,197,4286
32-007,93,231,2760
55-112,68,200,4360
32-008,93,223,2809
55-113,68,200,4361
32-009,93,233,2840
32-002,93,233,2528
32-003,93,233,2529
32-005,93,233,2596
32-001,93,233,2521
32-017,93,233,3054
55-100,68,197,3684
32-018,93,233,3174
55-101,68,200,3850
32-019,93,233,3086
55-102,68,266,4014
55-103,68,197,4107
32-013,93,233,2975
55-104,68,197,4120
32-014,93,223,3001
55-105,68,197,4176
32-015,93,233,3043
21-505_CT,63,167,3745
55-106,68,197,4202
32-016,93,233,3042
55-107,68,197,4214
55-108,68,197,4261
32-010,93,233,2854
32-011,93,233,2855
32-012,93,233,2867
23-002,45,127,537
23-003,45,127,538
23-001,45,127,536
23-008,93,225,365
23-009,45,127,541
23-006,45,127,540
02-038_CT,63,167,2993
23-007,45,124,529
23-004,45,125,531
23-005,45,127,539
21-404,38,182,1447
21-405,38,182,1449
21-402,38,182,1437
21-403,93,223,1446
21-408,93,223,1462
21-409,38,182,1461
21-406,38,182,1453
21-407,93,223,1459
21-400,38,182,1425
21-401,93,231,1424
21-415,38,182,1474
21-416,38,182,1477
21-414,38,182,1467
21-419,38,182,1480
21-417,38,182,1478
21-418,38,182,1479
32-093_MN,62,168,4270
21-410,93,223,1463
29-500,93,232,4185
23-013,45,125,533
21-426,38,186,1521
23-014,45,125,534
21-427,93,231,1531
23-011,45,125,532
21-424,92,216,1498
29-509,93,232,4434
23-012,93,225,364
21-425,93,224,1510
23-010,45,124,530
21-428,92,216,1566
21-429,93,223,1544
29-503,93,232,4290
29-504,93,232,4291
29-501,93,232,4187
29-502,93,232,4189
23-017,45,127,543
21-422,38,182,1493
29-507,93,232,4294
23-018,45,127,978
21-423,93,224,1497
23-015,45,125,535
21-420,93,224,1495
29-505,93,232,4292
23-016,45,127,542
21-421,93,224,1496
29-506,93,232,4293
21-437,38,186,1556
21-438,93,224,1558
21-435,93,223,1553
21-436,92,216,1554
21-439,38,186,1559
20-015_MN,62,168,3935
21-430,93,223,1545
06-001,6,30,81
21-433,93,226,1551
06-002,6,30,82
21-434,93,227,1552
21-431,38,186,1550
21-432,38,186,1548
21-448,38,186,1585
21-449,93,224,1588
21-446,42,121,1586
21-447,38,186,1582
21-440,93,223,1561
21-441,92,216,1562
19-014_MN,62,168,3464
21-444,38,186,1575
21-445,93,223,1583
21-442,38,186,1569
21-443,93,224,1570
21-459,93,224,1649
21-457,92,216,1647
21-458,92,216,1648
21-451,92,216,1587
21-452,38,186,1600
21-450,93,224,1589
21-455,38,186,1628
21-456,93,222,1637
21-453,38,186,1619
21-454,38,186,1625
21-470,92,216,1663
21-468,93,224,1662
21-469,93,223,1752
21-462,93,224,1652
21-463,93,227,1653
21-460,93,224,1650
21-461,93,224,1678
21-466,93,224,1660
02-026_MN,62,168,3791
21-467,93,224,1661
21-465,93,223,1674
21-480,93,229,1702
65-034_MN,62,168,3949
15-009,15,57,180
32-093_CT,63,167,4269
15-006,31,77,274
15-005,29,75,271
15-008,31,77,276
21-479,38,186,1694
15-007,31,77,275
15-002,27,73,268
15-001,27,73,267
15-004,29,75,270
15-003,28,74,269
21-473,93,223,1679
21-474,38,186,1686
21-471,93,224,1665
21-472,93,224,1673
21-477,93,231,1691
21-478,93,223,1696
21-475,93,222,1689
21-476,93,222,1690
21-491,38,186,1737
21-492,93,223,1746
02-038_MN,62,168,2994
32-235_EN,60,146,4330
15-017,31,77,886
15-016,54,136,885
15-013,31,77,277
15-012,15,57,183
15-015,54,136,568
15-014,31,77,278
21-484,93,233,1730
21-485,13,52,1729
15-011,15,57,182
21-482,38,186,1710
15-010,15,57,181
21-483,38,186,1716
21-488,93,224,1732
21-489,93,229,1733
21-486,38,186,1725
21-487,42,121,1731
21-453_MN,62,168,3723
21-495,92,216,1761
21-493,38,186,1759
21-494,93,233,1760
21-499,38,210,1777
21-498,38,186,1776
52-388,68,200,2738
52-395,74,185,1965
52-392,68,212,1958
52-393,68,212,1959
52-391,68,200,1957
52-398,68,200,1992
52-399,68,200,1993
52-369,68,197,1890
60-002,94,236,3786
60-001,93,231,3442
52-367,68,197,1888
52-368,68,197,1889
52-365,68,197,1886
52-366,68,197,1887
52-363,68,197,1884
52-364,68,197,1885
19-014_CT,63,167,2436
21-741_CT,63,167,4267
52-372,68,197,1893
52-370,68,197,1891
52-371,68,197,1892
52-378,68,200,2576
52-377,68,200,2012
52-374,68,200,2575
52-375,68,197,2011
52-384,68,212,2017
60-009,94,236,4356
52-381,68,200,2577
52-382,68,200,2178
60-007,94,236,4321
60-006,94,236,4160
60-005,94,235,4025
60-004,94,236,3926
32-247_EN,60,146,4366
65-148_EN,60,1464407
61-206_CT,63,153,3988
61-248,99,2534521
32-016_EN,60,146,3901
61-245,49,131,4430
61-244,49,131,4429
61-247,99,2534497
61-246,48,130,4450
52-578_EN,60,1464467
21-453_CT,63,167,3722
61-238,99,253,4288
61-237,99,253,4210
61-239,48,130,4240
61-233,48,130,4108
61-236,49,131,4188
61-235,99,253,4313
61-241,48,130,4242
61-240,48,130,4241
61-243,99,253,4250
61-242,48,130,4243
52-303,68,200,2373
32-093,93,222,4034
32-094,93,222,4035
32-095,93,222,4037
32-096,93,222,4038
06-002_MN,62,168,2974
32-090,93,233,4027
32-091,93,231,4028
32-092,93,231,4029
52-309,68,197,1763
52-307,68,200,1756
WD03-003,91,237,3186
52-308,68,197,1762
WD03-004,91,237,3326
WD03-002,91,237,2354
65-018_CT,63,167,1361
32-086,93,224,3992
32-088,93,233,4021
32-089,93,233,4022
52-312,68,200,1767
52-311,68,212,1766
52-318,68,211,1781
52-319,68,211,1782
21-777_EN,60,146,4329
32-097,93,222,4039
32-098,93,224,4059
32-071,93,224,3821
32-072,93,224,3832
32-073,93,224,3835
32-070,93,224,3815
21-505_MN,62,168,3746
02-009,2,11,24
02-007,2,11,22
02-008,2,11,23
02-005,2,11,20
02-006,2,13,21
02-003,2,11,18
02-004,2,10,19
02-001,2,11,16
32-068,93,224,3809
02-002,2,9,17
32-069,93,224,3814
32-064,93,224,3806
32-065,93,224,3790
32-066,93,224,3801
32-067,93,224,3802
32-082,93,224,3965
32-083,93,224,3973
32-084,93,224,3980
32-085,93,224,3990
32-080,93,224,3963
21-493_MN,62,168,3740
32-081,93,224,3964
52-526_EN,60,1463373
32-075,93,233,3933
32-076,93,233,3934
32-077,93,224,3923
32-051,93,233,3667
32-052,93,224,3669
52-350,68,200,2574
32-046,92,216,3586
52-351,68,200,1835
32-047,93,224,3584
32-048,93,224,3585
32-049,93,233,3665
19-020,30,76,1513
32-042,93,224,3439
32-043,93,224,3440
32-044,93,223,3446
32-045,38,270,3445
52-358,74,185,1864
32-060,93,233,3689
52-359,68,197,1879
32-061,93,233,3690
52-356,68,197,1855
32-062,93,224,3752
52-357,68,197,1856
32-063,93,224,3789
52-354,68,212,1847
52-352,68,211,1826
52-353,68,212,1848
16-013_VT,100,255,2718
32-057,93,223,3674
52-362,68,197,1883
32-058,93,224,3675
32-059,93,224,3664
32-053,93,224,3670
32-054,93,224,3671
32-055,93,229,3673
52-325,68,211,1788
19-009,34,88,302
52-326,68,211,1789
52-323,68,211,1786
52-324,68,211,1787
32-030,93,223,3200
19-006,32,81,288
52-321,68,211,1784
19-005,32,78,279
52-322,68,211,1785
19-008,32,80,285
19-007,32,79,280
52-320,68,211,1783
52-327,68,211,1790
32-028,93,233,3173
32-029,93,223,3176
19-002,32,80,282
19-001,32,80,281
19-004,32,80,284
19-003,32,80,283
32-020,93,224,3095
32-021,93,223,3104
52-336,68,200,2573
52-334,68,200,2572
32-040,93,224,3437
32-041,93,224,3438
52-332,68,212,1828
19-017,32,218,2761
19-016,32,80,287
52-333,68,200,1829
19-019,32,79,949
19-018,32,218,776
32-039,93,233,3355
19-013,32,80,286
32-035,93,233,3302
19-012,32,81,289
19-015,30,76,273
32-037,93,224,3310
19-014,30,76,272
32-038,93,233,3341
32-031,93,223,3248
19-011,34,90,305
32-033,93,233,3254
19-010,34,90,304
32-034,93,224,3257
25-173,94,235,4218
25-170,94,235,4026
25-171,94,235,4030
32-288_EN,60,1464520
64-035,64,154,3331
64-034,64,154,2509
64-033,64,154,2508
64-032,64,154,2507
21-780_EN,60,146,4370
01-010,1,3,10
01-011,1,4,11
01-012,1,1,12
01-013,1,7,13
01-014,1,4,14
01-015,1,4,15
25-150,57,141,3102
25-151,94,236,3103
25-154,60,146,3127
25-155,42,121,3177
25-152,42,121,3125
25-153,94,235,3121
25-158,94,235,3191
25-156,94,236,3206
25-157,94,235,3187
25-161,60,146,3330
25-162,57,141,3414
21-779_EN,60,146,4369
25-160,57,141,3245
25-165,94,235,3712
25-166,94,235,3713
25-164,94,236,3495
25-169,94,235,4005
25-167,58,179,3785
55-040,68,197,2419
55-030,68,200,2367
55-031,68,200,2368
55-032,68,200,2369
55-033,68,197,2365
55-034,68,197,2377
55-035,68,197,2398
55-036,68,197,2424
55-037,68,197,2425
55-038,68,197,2611
55-039,68,197,2418
02-027_CT,63,167,2684
55-020,68,197,2217
55-021,68,200,2263
55-022,68,200,2265
55-023,68,197,2266
55-024,68,197,2267
55-025,68,200,2310
55-026,68,200,2311
21-493_CT,63,167,3739
55-027,68,197,2319
55-028,68,197,2341
55-029,68,197,2366
55-010,68,200,2085
55-011,68,200,2261
55-012,68,197,2087
01-001,1,4,1
55-013,68,200,2262
01-002,1,5,2
55-014,68,197,2417
01-003,1,6,3
55-015,68,200,2090
01-004,1,4,4
55-016,68,197,2080
01-005,1,2,5
55-017,68,197,2093
01-006,1,2,6
55-018,68,197,2191
01-007,1,4,7
55-019,68,197,2156
01-008,1,4,8
01-009,1,2,9
55-001,68,197,2023
55-002,68,200,2024
55-004,68,200,2032
55-005,68,200,2033
55-006,68,197,2047
55-007,68,200,2070
55-008,68,200,2071
55-009,68,197,2084
29-231,93,232,2651
29-232,93,232,2655
29-230,93,232,2647
29-235,93,232,2686
29-236,93,232,2687
29-233,93,232,2662
29-234,93,232,2671
61-227,49,131,4090
61-226,49,131,4089
61-229,49,131,4092
61-228,49,131,4091
61-223,99,253,4063
61-222,99,253,4062
61-225,49,131,4088
61-224,49,131,4087
61-230,99,253,4138
61-232,48,130,4102
61-231,99,253,4100
29-239,93,232,2743
29-237,93,232,2688
29-238,93,232,2742
29-242,93,232,2751
29-243,93,232,2756
29-240,93,232,2749
29-241,93,232,2750
29-246,93,232,2771
29-247,93,232,2802
61-219,99,253,4020
29-244,93,232,2769
29-245,93,232,2770
61-216,99,253,3986
61-215,99,253,3985
61-217,99,253,3987
61-212,99,253,3972
61-211,99,253,3983
61-214,99,253,3984
61-221,99,253,4047
61-220,99,253,4033
29-248,93,232,2803
29-249,93,232,2804
29-253,93,232,2813
29-254,93,232,2858
29-251,93,232,2811
29-252,93,232,2812
29-257,93,232,2893
61-209,99,253,3967
29-258,93,232,2894
61-208,99,253,3959
29-255,93,232,2859
29-256,93,232,2886
61-205,99,253,3947
61-204,99,253,3954
61-207,62,259,3952
61-206,99,253,3950
61-201,49,131,3940
29-250,93,232,2805
61-200,49,131,3939
61-210,99,253,3970
29-259,93,232,2910
29-264,93,232,2924
29-265,93,232,2925
29-262,93,232,2918
29-263,93,232,2919
29-268,93,232,2928
29-269,93,232,2929
29-266,93,232,2926
29-267,93,232,2927
29-260,93,232,2914
29-261,93,232,2916
21-107,93,223,382
21-108,45,126,546
21-105,42,121,330
21-106,45,125,545
21-109,45,126,547
21-100,93,229,501
21-103,93,227,517
21-104,45,125,544
21-101,93,224,392
21-102,45,126,548
WD14-010,91,2374491
21-118,93,224,385
21-119,42,121,573
21-116,38,115,423
21-117,38,115,424
21-110,93,222,331
21-111,93,229,502
21-114,93,223,384
21-115,38,115,422
29-163_VT,100,255,2842
21-112,93,223,460
21-113,93,223,383
WD14-009,91,237,4342
62-240_EN,60,1464388
WD14-006,91,237,2219
29-202,93,232,2546
WD14-005,91,237,2218
29-203,93,232,2559
29-200,93,232,2534
WD14-008,91,237,4354
29-201,93,232,2545
WD14-007,91,237,4216
WD14-001,91,237,1907
WD14-004,91,237,1909
WD14-003,91,237,1908
21-129,93,230,552
64-006,64,154,698
64-005,64,154,3365
21-127,93,223,465
64-004,64,154,919
21-128,13,52,646
64-003,64,154,696
64-002,64,154,695
64-001,64,154,694
21-121,93,226,526
29-206,93,232,2586
21-122,93,223,461
29-207,93,232,2587
29-204,93,232,2583
21-120,45,125,549
29-205,93,232,2585
21-125,93,223,464
21-126,93,227,516
64-009,64,154,920
21-123,93,223,462
64-008,64,154,917
29-208,93,232,2588
21-124,92,216,463
29-209,93,232,2589
64-007,64,154,3366
29-210,93,232,2590
29-213,93,232,2597
21-140,13,52,647
29-214,93,232,2598
29-211,93,232,2591
29-212,93,232,2594
64-020,95,246,1945
64-017,64,154,1491
64-016,64,154,1153
21-138,93,230,561
64-015,64,154,1152
21-139,69,165,570
64-014,64,154,1778
64-013,64,154,1138
64-012,64,154,1137
64-011,64,154,2208
64-010,64,154,1944
21-132,93,230,555
29-217,93,232,2601
21-133,93,230,556
29-218,93,232,2602
56-211,68,200,4349
21-130,93,230,553
29-215,93,232,2642
21-131,93,230,554
29-216,93,232,2600
21-136,93,230,559
21-137,93,233,560
21-134,93,230,557
64-019,64,154,1646
29-219,93,232,2603
21-135,93,230,558
64-018,64,154,1943
29-220,93,232,2604
29-221,93,232,2605
21-150,93,223,469
29-224,93,232,2828
21-151,93,223,470
29-225,93,232,2634
29-222,93,232,2606
29-223,93,232,2827
64-031,64,154,2506
64-030,64,154,2505
24-019_CT,63,167,4131
64-028,64,154,2503
64-027,64,154,2502
21-149,93,231,378
64-026,64,154,2501
64-025,95,246,1950
64-024,95,246,1949
64-023,95,246,1948
64-022,95,246,1947
56-203,68,262,4315
64-021,95,246,1946
56-202,68,200,4263
21-143,92,216,393
29-228,93,232,2645
56-201,68,200,4260
21-144,69,165,579
29-229,93,232,2646
56-200,68,200,4206
21-141,93,223,468
29-226,93,232,2643
21-142,42,121,508
29-227,93,232,2644
21-147,93,230,562
21-148,93,229,504
21-145,69,165,592
21-146,93,229,503
64-029,64,154,2504
52-268,68,200,1597
21-161,93,227,518
21-162,93,223,475
21-160,13,52,474
28-029,67,160,1161
61-189,99,253,3775
02-039_MN,62,168,4009
28-025,67,160,1031
61-197,99,253,3915
28-026,67,160,1049
61-196,99,253,3884
28-027,67,160,1056
61-199,49,131,3938
28-028,67,160,1086
28-021,67,160,1018
61-193,99,253,3843
28-022,67,160,1025
61-192,99,253,3793
28-023,67,160,1029
61-195,99,253,3846
28-024,67,160,1030
61-194,99,253,3844
21-154,93,229,505
52-273,68,197,1608
21-155,93,231,2958
21-152,93,224,390
52-271,68,197,1606
21-153,69,165,599
28-020,67,160,987
52-272,68,197,1607
61-190,99,253,3787
21-158,93,223,472
21-159,93,226,629
21-156,93,223,471
21-157,38,117,601
21-172,93,229,506
52-277,68,197,1612
21-173,93,229,507
52-278,68,197,1613
21-170,93,227,520
52-275,68,197,1610
21-171,38,117,603
52-276,68,197,1611
28-018,67,160,972
61-179,48,130,3706
28-019,67,160,982
61-178,62,259,3570
28-014,67,160,875
61-186,49,131,3770
28-015,67,160,893
61-185,99,253,3767
28-016,67,160,953
28-017,67,160,970
61-187,49,131,3772
28-010,67,160,827
28-011,67,160,828
28-012,67,160,829
61-184,99,253,3766
28-013,67,160,859
21-165,93,231,379
21-166,93,222,588
21-163,13,52,648
52-282,68,197,1672
61-180,48,130,3707
21-164,42,121,509
21-169,93,227,519
52-280,74,185,1615
21-167,42,121,602
21-168,93,231,380
52-248,68,197,1508
21-180,93,233,605
52-249,68,197,1514
52-246,68,200,1506
52-247,68,197,1507
21-183,93,224,389
52-244,68,200,1504
21-184,92,216,606
52-245,68,200,1505
21-181,93,224,399
21-182,93,223,479
52-243,68,200,1503
28-007,67,160,824
61-168,48,130,2779
28-008,67,160,825
61-167,62,259,2659
28-009,67,160,826
61-169,63,258,3018
28-003,67,160,820
61-175,48,130,3144
28-004,67,160,821
61-174,48,130,3100
28-005,67,160,822
61-177,48,130,3162
28-006,67,160,823
61-176,49,131,3158
61-171,63,258,3020
61-170,63,258,3019
28-001,67,160,818
61-173,49,131,3044
28-002,67,160,819
61-172,63,258,3021
21-176,93,222,604
21-177,13,52,477
21-174,93,231,381
21-175,93,223,476
21-178,93,233,394
21-179,93,223,478
21-190,92,216,483
21-191,93,223,484
52-257,68,211,1599
21-194,93,223,487
21-195,93,230,563
52-256,68,211,1598
21-192,93,223,485
52-253,68,200,2745
21-193,93,223,486
52-254,68,200,1667
61-157,49,131,2868
61-156,49,131,2500
61-158,48,130,2580
61-164,62,259,2735
61-163,62,259,2734
61-166,62,259,2737
61-165,62,259,2736
61-160,62,259,2657
61-162,62,259,2733
61-161,62,259,2658
21-187,93,224,984
52-262,68,197,1571
21-188,93,223,481
52-263,68,200,1596
21-185,93,222,607
52-260,60,146,3861
21-186,93,223,480
52-261,60,146,3862
21-189,93,229,752
29-275,93,232,2945
29-276,93,232,2946
29-273,93,232,2934
29-274,93,232,2935
29-279,93,232,2952
51-020,103,278,3880
29-277,93,232,2947
51-021,103,277,3881
29-278,93,232,2948
51-022,103,277,3882
54-056_EN,60,1464395
61-149,49,131,2006
61-146,49,131,2473
29-271,93,232,2932
61-145,49,131,2472
29-272,93,232,2933
61-148,49,131,2470
29-270,93,232,2930
61-147,60,1462474
61-153,49,131,2497
61-152,49,131,2496
61-155,49,131,2499
61-154,49,131,2498
61-151,49,131,2495
61-150,49,131,2494
21-198,93,231,566
51-012,103,278,3872
21-199,93,230,567
51-013,103,278,3873
21-196,93,231,564
51-014,103,278,3874
21-197,93,230,565
51-015,103,278,3875
51-016,103,277,3876
51-017,103,277,3877
51-018,103,277,3878
51-019,103,277,3879
29-286,93,232,2986
29-287,93,232,2987
29-284,93,232,2971
29-285,93,232,2985
29-288,93,232,2988
51-010,103,277,3870
29-289,93,232,2989
51-011,103,278,3871
61-139,49,131,2352
61-138,49,131,2350
61-135,48,130,2175
29-282,93,232,2964
61-134,63,258,2174
29-283,93,232,2970
61-137,49,131,2290
29-280,93,232,2956
61-136,49,131,2289
29-281,93,232,2957
28-058,67,160,2057
61-142,49,131,2396
51-009,103,276,3869
28-059,67,160,2059
61-141,49,131,2391
61-144,49,131,2465
61-143,49,131,2471
28-054,67,160,2052
28-055,67,160,2053
28-056,67,160,2054
61-140,48,130,2351
28-057,67,160,2056
51-001,103,276,860
28-050,67,160,1938
28-051,67,160,1987
51-002,103,278,3863
28-052,67,160,1988
51-003,103,276,3864
28-053,67,160,2051
51-004,103,276,3865
51-005,103,276,3866
51-006,103,278,3867
51-007,103,277,3840
51-008,103,276,3868
29-297,93,232,3053
29-298,93,232,3057
29-295,93,232,3009
29-296,93,232,3011
52-288,68,212,1666
29-299,93,232,3063
61-128,50,132,1942
61-127,48,130,1894
29-290,93,232,2990
61-129,49,131,3253
61-124,48,130,1868
29-293,93,232,3005
61-123,49,131,1701
29-294,93,232,3007
61-126,48,130,1870
29-291,93,232,2997
61-125,48,130,1869
29-292,93,232,3004
28-047,67,160,1861
61-131,49,131,2171
28-048,67,160,1874
61-130,49,131,2160
28-049,67,160,1875
61-133,100,260,2173
61-132,49,131,2172
28-043,67,160,1821
28-044,67,160,1824
28-045,67,160,1825
28-046,67,160,1860
28-040,67,160,1745
28-041,67,160,1750
28-042,67,160,1819
52-292,68,212,1688
61-116,48,130,1595
61-119,49,131,1657
61-118,49,131,1644
61-113,49,131,1489
61-112,48,130,1412
61-115,48,130,1594
61-114,49,131,1490
28-036,67,160,1636
61-120,49,131,1670
28-037,67,160,1741
28-038,67,160,1743
61-121,49,131,1671
28-039,67,160,1744
28-032,67,160,1632
28-033,67,160,1633
28-034,67,160,1634
28-035,67,160,1635
02-027_VT,100,255,2972
51-023,103,278,3889
51-024,103,278,3890
28-030,67,160,1166
51-025,103,278,3953
28-031,67,160,1631
51-026,103,278,4232
65-149_EN,60,1464405
51-027,103,278,4233
51-028,103,278,4234
55-080,68,197,3500
55-081,68,197,3504
55-082,68,197,3505
55-083,68,197,3534
55-084,68,197,3535
55-074,68,266,3317
55-075,68,200,3318
55-076,68,266,3349
55-077,68,197,3354
55-078,68,197,3492
55-079,68,197,3493
55-070,68,266,2824
55-071,68,197,3137
55-072,68,197,3138
55-073,68,266,3180
55-063,68,197,2784
55-064,68,197,2785
55-065,68,197,2786
55-066,68,197,2787
55-067,68,197,2788
55-068,68,197,2789
55-069,68,197,2790
55-060,68,197,2781
55-061,68,197,2782
55-062,68,197,2783
55-052,68,200,2635
55-053,68,197,2648
55-054,68,197,2650
55-055,68,200,2652
55-056,68,197,2654
55-057,68,266,2708
55-058,68,200,2709
55-059,68,197,2776
21-776_EN,60,146,4367
55-050,68,200,2626
55-051,68,197,2632
55-041,68,197,2439
55-042,68,197,2440
55-043,68,197,2461
55-044,68,197,2560
55-045,68,197,2542
55-046,68,197,2570
55-047,68,197,2595
55-048,68,200,2624
55-049,68,200,2625
52-226,68,200,1430
52-227,68,197,1431
52-224,68,197,1428
52-225,68,200,1429
52-220,68,197,1418
52-228,68,213,1432
52-229,68,200,1436
17-013_MN,62,168,2462
52-230,68,203,1440
52-237,68,197,1455
52-235,68,203,1445
52-236,68,200,1454
52-233,68,200,1443
52-234,68,197,1444
52-231,68,197,1441
52-232,68,200,1442
52-525_EN,60,1463372
52-239,68,197,1452
52-240,68,203,1488
52-241,68,197,1499
52-202,68,197,1317
52-203,68,197,1318
52-200,68,197,1311
52-201,68,197,1316
52-208,94,235,1366
10-005,24,70,263
55-096,68,197,3680
10-004,24,70,262
55-097,68,197,3681
10-003,24,70,261
55-098,68,197,3682
10-002,22,68,259
55-099,68,197,3683
10-001,23,69,260
10-008,21,67,258
10-007,21,67,257
10-006,21,67,256
55-090,68,197,3648
55-091,68,266,3649
55-092,68,197,3650
55-093,68,197,3651
55-094,68,197,3652
55-095,68,197,3679
55-085,68,197,3571
55-086,68,200,3580
55-087,68,197,3645
55-088,68,197,3646
55-089,68,197,3647
24-010,93,222,341
56-160,68,266,3829
24-011,93,222,342
24-012,93,222,343
24-013,32,218,344
24-018,93,222,348
24-019,93,222,349
24-014,93,222,345
24-015,45,127,616
24-016,93,222,346
24-017,93,222,347
56-159,68,200,3828
56-158,68,212,3782
56-157,68,200,3687
56-156,68,200,3686
56-155,68,200,3685
56-154,68,262,3530
56-152,68,200,3497
56-151,68,212,3486
56-150,68,212,3485
24-021,93,222,351
24-022,17,59,233
24-023,93,222,352
24-024,93,222,353
24-020,93,222,350
56-149,68,262,3469
56-148,68,262,3465
56-147,68,212,3434
56-146,68,212,3433
56-145,68,212,3432
56-144,68,212,3327
56-143,68,266,3323
56-142,68,266,3322
56-141,68,266,3321
32-095_CT,63,167,4273
56-139,68,266,3319
56-138,68,266,3316
56-137,68,262,3276
56-136,68,262,3234
56-135,68,212,3231
56-134,68,200,3229
56-133,68,266,3199
56-132,68,200,3181
56-131,68,266,3150
56-130,68,212,3112
23-017_CT,63,167,2774
24-001,17,59,231
24-002,17,59,232
29-301,93,232,3081
29-302,93,232,3087
29-300,93,232,3080
24-007,38,111,415
24-008,93,226,527
24-009,92,216,340
24-003,93,222,335
24-004,32,218,336
24-005,93,222,337
24-006,93,222,338
56-129,68,200,3074
56-127,68,200,3071
56-126,68,262,3070
52-478_CT,63,153,3036
56-125,68,262,3069
56-124,68,262,3066
29-305,93,232,3106
19-016_MN,62,168,2906
56-123,68,212,3039
29-306,93,232,3116
56-122,68,212,3002
29-303,93,232,3088
56-121,68,212,2951
29-304,93,232,3105
56-120,68,200,2931
29-309,93,232,3123
29-307,93,232,3117
29-308,93,232,3118
56-199,68,200,4205
56-198,68,200,4204
56-197,68,200,4203
56-196,68,200,4212
56-195,68,200,4211
56-194,68,212,4194
56-193,68,212,4193
56-192,68,212,4192
54-051_EN,60,1464428
56-191,68,212,4177
56-190,68,200,4175
65-028_EN,60,1463305
56-189,68,200,4139
56-188,68,200,4097
56-187,68,212,4094
56-186,68,200,4067
56-185,68,200,4066
56-184,68,200,4065
56-183,68,200,4064
56-181,68,200,4042
24-016_CT,63,167,4128
56-179,68,200,4032
56-178,68,200,4019
56-177,68,200,4018
56-176,68,200,4017
56-174,68,200,4015
56-173,68,266,4013
56-172,68,266,4012
56-171,68,200,3989
56-170,68,200,3955
56-169,68,262,3944
56-168,68,200,3943
56-167,68,266,3942
56-166,68,266,3910
56-165,68,212,3909
21-507_CT,63,167,3747
56-162,68,266,3834
56-161,68,266,3830
14-009,14,56,178
65-124,58,179,3089
29-352,93,232,3246
14-008,14,54,173
65-123,58,179,3022
29-353,93,232,3247
14-007,14,54,172
65-126,58,179,3091
29-350,93,232,3243
14-006,14,56,177
65-125,58,179,3090
29-351,93,232,3244
14-005,14,54,171
65-120,94,264,2912
29-356,93,232,3277
14-004,14,54,170
61-109,48,130,1408
29-357,93,232,3282
14-003,14,54,169
65-122,94,264,2963
29-354,93,232,3271
14-002,14,54,168
29-355,93,232,3272
14-001,14,54,167
61-106,49,131,1336
61-105,49,131,1335
61-108,48,130,1409
61-107,49,131,1337
61-102,49,131,1332
65-128,58,179,3114
61-101,49,131,1331
65-127,58,179,3092
61-104,49,131,1334
61-103,49,131,1333
65-129,94,264,3126
61-111,48,130,1411
61-110,48,130,1410
29-358,93,232,3291
29-359,93,232,3292
65-113,94,264,2423
29-363,93,232,3304
65-112,58,179,2430
29-364,93,232,3311
65-115,58,179,2475
29-361,93,232,3296
65-114,94,264,2422
29-362,93,232,3303
29-367,93,232,3346
29-368,93,232,3347
14-014,14,55,176
65-111,94,236,2429
29-365,93,232,3312
14-013,14,53,166
65-110,94,236,2428
29-366,93,232,3313
14-012,14,56,179
14-011,14,54,175
14-010,14,54,174
65-117,94,264,2552
65-116,94,264,2516
29-360,93,232,3295
65-119,94,264,2825
65-118,57,141,2810
21-206,93,233,609
21-207,92,216,608
21-204,93,223,576
61-100,49,131,1330
21-205,13,52,639
21-208,93,224,610
21-209,42,121,611
29-369,93,232,3350
21-202,93,226,575
21-203,93,223,578
21-200,93,223,488
21-201,93,229,574
29-374,93,232,3378
65-146,58,179,4117
29-375,93,232,3379
65-145,65,155,4058
29-372,93,232,3359
65-148,58,179,4352
29-373,93,232,3360
65-147,58,179,4324
29-378,93,232,3385
65-142,65,155,3951
29-379,93,232,3386
65-141,58,179,3948
29-376,93,232,3380
65-144,65,155,4041
52-089,58,179,868
29-377,93,232,3381
65-143,94,264,3958
61-196_CT,63,153,3911
09-001,18,64,250
29-370,93,232,3351
29-371,93,232,3357
65-149,58,280,4404
09-003,34,83,293
09-002,34,83,292
09-005,34,83,295
21-217,45,125,618
21-499_MN,62,168,3744
09-004,34,83,294
21-218,13,52,633
52-090,60,146,663
23-017_MN,62,168,3463
09-007,20,66,252
21-215,42,121,864
09-006,34,85,298
21-216,45,125,615
09-009,20,66,254
09-008,20,66,253
21-219,32,218,715
52-097,60,146,706
21-210,93,229,593
52-098,60,146,3883
52-095,99,253,708
65-151,58,2804466
21-213,42,121,863
21-214,38,144,614
52-094,99,253,707
21-211,93,224,619
52-091,60,146,664
21-212,93,231,612
52-092,60,146,665
29-385,93,232,3401
65-135,94,264,3409
65-134,94,264,3339
29-386,93,232,3402
29-383,93,232,3398
65-137,94,264,3508
29-384,93,232,3400
65-136,94,236,3489
65-131,94,264,3249
29-389,93,232,3411
65-130,58,179,3139
65-133,94,264,3269
29-387,93,232,3405
29-388,93,232,3410
29-381,93,232,3392
65-139,94,264,3531
29-382,93,232,3395
65-138,94,264,3510
29-380,93,232,3391
21-228,13,52,717
21-229,42,121,714
21-227,38,144,713
21-220,93,223,623
21-221,93,224,630
21-224,93,222,712
21-225,42,121,637
21-222,93,227,631
21-223,13,52,634
52-520_EN,60,1463367
29-312,93,232,3133
29-313,93,232,3134
29-310,93,232,3131
29-311,93,232,3132
09-021,9,38,102
09-020,9,37,98
09-023,9,38,103
09-022,9,37,99
09-025,9,38,105
09-024,9,38,104
09-027,9,37,101
21-239,93,223,846
09-026,9,37,100
21-237,93,223,766
56-119,68,212,2922
09-028,9,40,107
21-238,93,224,771
56-118,68,262,2903
56-117,68,262,2889
56-116,68,212,2888
56-115,68,262,2864
56-114,68,212,2863
21-231,93,229,719
56-113,68,262,2856
29-316,93,232,3140
21-232,42,121,720
56-112,68,212,2848
29-317,93,232,3141
56-111,68,200,2837
29-314,93,232,3135
21-230,93,223,718
56-110,68,212,2822
29-315,93,232,3136
21-235,42,121,763
21-236,38,144,764
21-233,92,216,762
29-318,93,232,3142
21-234,38,144,729
29-319,93,232,3143
29-320,93,232,3145
29-323,93,232,3157
21-250,38,144,834
29-324,93,232,3160
65-152,65,155,4432
29-321,93,232,3151
29-322,93,232,3156
09-010,20,66,255
09-012,34,84,296
09-011,19,65,251
09-014,9,39,106
09-013,34,84,297
09-016,10,41,109
09-015,10,41,108
56-109,68,212,2821
09-018,10,41,111
21-248,93,231,796
56-108,68,212,2816
09-017,10,41,110
21-249,93,223,831
56-107,68,212,2636
56-106,68,200,2627
09-019,9,37,97
56-105,68,213,2562
56-104,68,200,2561
21-242,38,115,845
29-327,93,232,3175
21-243,13,52,839
29-328,93,232,3178
21-240,93,223,847
29-325,93,232,3168
21-241,93,223,844
29-326,93,232,3172
21-246,38,144,788
21-247,38,144,789
21-244,93,223,774
29-329,93,232,3197
21-245,38,175,1079
29-330,93,232,3198
29-331,93,232,3201
21-260,92,216,867
29-334,93,232,3208
21-261,38,144,851
29-335,93,232,3215
29-332,93,232,3202
29-333,93,232,3203
21-259,42,121,849
21-253,38,144,838
29-338,93,232,3222
21-254,38,144,854
29-339,93,232,3223
21-251,38,144,833
29-336,93,232,3216
21-252,38,144,832
29-337,93,232,3221
21-257,93,229,842
21-258,42,121,848
21-255,38,144,840
21-256,93,224,841
29-341,93,232,3225
29-342,93,232,3228
29-340,93,232,3224
21-271,38,144,950
29-345,93,232,3235
21-272,38,169,954
29-346,93,232,3237
29-343,93,232,3232
21-270,38,109,936
29-344,93,232,3233
21-264,93,223,888
29-349,93,232,3242
21-265,92,216,891
21-262,93,223,971
29-347,93,232,3238
21-263,93,230,879
29-348,93,232,3239
21-268,38,169,930
21-269,38,169,933
21-266,93,226,993
21-267,38,169,929
52-149,68,197,1529
52-147,68,197,1046
52-148,68,197,1052
21-282,93,229,1013
52-145,68,197,1044
21-283,38,169,968
52-146,68,197,1045
21-280,93,233,983
52-143,68,197,1042
21-281,93,223,1012
52-144,68,197,1043
61-069,48,130,742
61-068,48,130,741
21-507_MN,62,168,3748
61-075,48,130,830
61-078,49,131,769
61-077,49,131,768
61-072,48,130,744
61-071,48,130,743
61-074,62,259,2656
61-073,48,130,746
21-275,38,169,956
21-276,93,224,999
52-153,73,178,1140
61-070,48,130,745
21-273,92,216,952
52-150,68,197,1047
21-274,38,169,955
21-279,38,169,962
21-277,38,169,959
21-278,93,223,961
20-009,93,225,882
21-290,93,223,1078
20-008,34,87,300
20-007,34,86,299
21-293,38,169,1026
21-294,38,169,1027
21-291,38,169,1017
21-292,38,169,1023
20-002,92,216,873
20-001,34,89,303
20-006,34,91,308
61-058,48,130,675
20-005,69,165,290
61-057,48,130,734
20-004,34,90,306
20-003,34,92,309
61-059,48,130,676
61-065,48,130,738
61-064,48,130,737
61-067,48,130,740
61-066,48,130,739
61-061,49,131,682
61-060,48,130,735
61-063,48,130,736
61-062,48,130,705
21-286,38,169,981
21-287,38,169,990
21-284,38,169,969
21-285,38,169,977
21-288,38,169,991
21-289,38,169,992
52-127,74,185,3067
52-128,68,200,3072
52-125,68,197,928
20-019,93,225,988
20-018,93,225,1000
52-123,68,200,3128
52-124,68,197,927
52-121,68,197,998
52-122,68,200,3348
20-013,93,225,589
20-012,93,225,361
20-011,93,225,360
20-010,93,225,359
61-047,49,131,680
20-016,34,90,307
61-046,49,131,679
20-015,34,87,301
61-049,48,130,666
52-129,63,153,3082
20-014,93,225,363
61-048,49,131,681
61-054,48,130,671
61-053,48,130,670
61-056,48,130,673
WD32-009,91,2384507
61-055,48,130,672
61-050,48,130,667
20-020,93,225,1001
61-052,48,130,669
61-051,48,130,668
52-130,68,197,966
21-297,93,223,1040
WD32-003,91,2384477
21-298,38,175,1041
WD32-004,91,2384476
21-295,38,175,1037
WD32-001,91,238,4451
21-296,38,175,1038
WD32-002,91,2384475
WD32-007,91,2384486
WD32-008,91,2384488
21-299,38,175,1050
WD32-005,91,2384480
WD32-006,91,2384482
52-138,68,197,976
21-499_CT,63,167,3743
52-136,68,197,974
52-137,68,197,975
WD32-010,91,2384510
52-135,68,197,973
WD32-011,91,2384517
20-022,93,222,2134
20-021,69,165,1414
WD17-001,91,243,2892
61-045,49,131,678
52-141,68,197,1021
52-142,68,197,1036
WD32-012,91,2384523
52-140,68,197,1020
29-396,93,232,3428
05-001,5,29,74
29-397,93,232,3431
05-002,5,27,75
29-394,93,232,3426
05-003,5,27,76
29-395,93,232,3427
05-004,5,27,77
05-005,5,28,78
05-006,5,28,79
29-398,93,232,3448
05-007,5,26,80
29-399,93,232,3449
25-157_EN,60,146,3363
19-016_CT,63,167,2905
29-392,93,232,3419
29-393,93,232,3420
29-390,93,232,3416
29-391,93,232,3417
52-192,68,197,1252
52-193,68,197,1253
52-190,68,197,1250
52-191,68,197,1251
21-090_CT,63,167,3240
61-014,63,258,1708
61-015,63,258,1709
61-023,49,131,2731
65-028_VT,100,269,3308
65-102,58,179,2231
65-101,58,179,2220
52-169,68,197,1173
65-104,94,264,2248
21-662_EN,60,146,3898
65-103,94,264,2247
52-167,68,197,1165
52-168,68,197,1168
52-165,99,253,1160
65-100,94,264,2758
52-166,68,197,1167
61-006,62,259,1084
65-109,94,236,2427
65-106,57,141,2323
65-105,94,264,2309
65-108,58,179,2386
65-107,58,179,2387
61-011,62,259,3079
52-172,68,200,1193
52-173,68,200,1194
52-170,60,146,3857
52-171,68,197,1184
56-211_EN,60,1464387
52-179,68,197,1219
52-176,68,197,1183
52-177,68,197,1182
52-183,58,179,1274
52-184,68,197,1244
52-181,74,185,1351
52-180,68,197,1238
18-027,17,61,710
18-026,17,61,240
18-025,17,63,4305
18-024,17,63,247
18-023,17,63,246
18-022,17,61,239
18-021,17,61,238
18-020,17,62,244
18-029,17,60,843
18-028,17,61,711
24-001_CT,63,167,2791
18-030,17,60,4105
18-031,42,121,862
24-013_CT,63,167,4125
18-005,17,61,228
18-004,17,61,227
18-003,17,61,226
18-002,17,61,225
18-001,17,61,224
18-009,93,222,356
18-008,17,61,869
24-001_EN,60,146,3886
18-007,93,222,355
18-006,93,222,354
18-016,17,59,230
18-015,17,63,245
18-014,17,61,236
18-013,17,61,235
18-012,17,61,234
61-187_MN,62,259,3773
18-011,17,59,229
18-010,93,222,357
65-028_HK,101,267,3306
18-019,17,62,243
18-018,17,61,237
18-017,17,62,242
52-106,68,200,1668
52-103,60,146,3919
52-104,60,146,3920
52-109,68,200,2777
52-107,68,200,2451
65-028_MN,62,268,3307
32-095_MN,62,168,4274
32-229_EN,60,146,4375
52-116,68,197,872
52-117,68,197,877
52-114,68,197,889
52-115,68,197,853
52-112,68,197,996
52-113,68,197,1528
52-118,68,197,876
52-119,99,253,1358
52-120,68,197,997
61-098,49,131,1328
61-097,49,131,1327
61-099,49,131,1329
61-094,49,131,1235
61-093,63,258,1191
61-096,49,131,1326
61-095,49,131,1325
61-092,48,130,1181
61-091,48,130,1180
61-079,62,259,938
61-087,49,131,1105
61-086,48,130,1035
61-088,49,131,1122
61-083,50,132,943
61-082,101,261,939
61-085,48,130,945
61-084,48,130,944
61-081,48,130,1034
61-080,48,130,1033
